1 2 388
1 3 352
1 4 30
1 5 914
1 6 211
1 8 109
1 9 218
1 13 56
1 14 53
1 18 43
1 19 38
1 20 23
1 21 59
1 22 18
1 23 35
1 25 10
1 26 23
1 29 26
1 33 27
1 34 31
1 39 27
2 1 170
2 3 155
2 4 38
2 5 1777
2 6 434
2 8 183
2 9 415
2 13 91
2 14 110
2 18 110
2 19 57
2 20 29
2 21 111
2 22 17
2 23 39
2 26 16
2 29 41
2 30 11
2 33 22
2 34 33
2 38 13
2 39 23
2 43 14
2 45 13
2 52 10
3 1 418
3 2 420
3 4 33
3 5 940
3 6 211
3 8 117
3 9 222
3 13 59
3 14 52
3 18 37
3 19 40
3 20 26
3 21 58
3 22 22
3 23 40
3 25 12
3 26 31
3 29 28
3 33 35
3 34 37
3 37 10
3 39 34
3 42 10
3 52 11
3 54 11
4 1 47
4 2 137
4 3 43
4 5 371
4 6 90
4 8 41
4 9 91
4 13 21
4 14 24
4 18 24
4 19 14
4 21 26
4 23 10
4 29 10
5 1 265
5 2 1176
5 3 230
5 4 69
5 6 1457
5 8 472
5 9 1332
5 13 266
5 14 372
5 18 404
5 19 168
5 20 79
5 21 364
5 22 42
5 23 100
5 24 30
5 25 22
5 26 33
5 28 18
5 29 127
5 30 41
5 31 13
5 32 17
5 33 52
5 34 87
5 36 10
5 37 26
5 38 45
5 39 57
5 40 22
5 42 20
5 43 56
5 45 44
5 46 16
5 47 15
5 49 10
5 50 20
5 51 20
5 52 30
5 54 27
6 1 78
6 2 370
6 3 66
6 4 21
6 5 1877
6 8 154
6 9 488
6 13 94
6 14 143
6 18 160
6 19 60
6 20 27
6 21 137
6 22 14
6 23 34
6 24 11
6 26 10
6 29 46
6 30 16
6 33 17
6 34 30
6 38 17
6 39 19
6 43 22
6 45 16
6 52 10
7 1 17
7 2 19
7 3 19
7 5 47
7 6 10
7 9 11
8 1 63
8 2 242
8 3 57
8 4 15
8 5 943
8 6 239
8 9 250
8 13 57
8 14 70
8 18 76
8 19 37
8 20 18
8 21 75
8 22 10
8 23 24
8 29 28
8 33 14
8 34 22
8 38 10
8 39 15
8 43 11
8 45 10
9 1 79
9 2 347
9 3 68
9 4 21
9 5 1682
9 6 479
9 8 158
9 13 110
9 14 159
9 18 180
9 19 74
9 20 33
9 21 163
9 22 17
9 23 42
9 24 13
9 26 13
9 29 58
9 30 19
9 33 23
9 34 40
9 37 12
9 38 21
9 39 27
9 40 11
9 43 28
9 45 21
9 50 10
9 51 10
9 52 15
9 54 14
10 2 17
10 5 57
10 6 14
10 9 16
11 1 14
11 2 17
11 3 16
11 5 45
11 6 10
11 9 11
12 2 25
12 5 88
12 6 22
12 8 10
12 9 25
12 21 10
13 1 40
13 2 150
13 3 36
13 5 658
13 6 181
13 8 70
13 9 216
13 14 72
13 18 87
13 19 43
13 20 20
13 21 89
13 22 10
13 23 26
13 29 35
13 30 10
13 33 15
13 34 26
13 38 13
13 39 18
13 43 16
13 45 13
13 52 11
13 54 10
14 1 34
14 2 160
14 3 28
14 5 817
14 6 244
14 8 77
14 9 277
14 13 64
14 18 142
14 19 49
14 20 21
14 21 121
14 22 10
14 23 27
14 24 10
14 29 42
14 30 16
14 33 14
14 34 27
14 38 17
14 39 17
14 43 24
14 45 16
14 52 11
14 54 11
15 1 11
15 2 23
15 3 11
15 5 77
15 6 19
15 9 23
15 21 10
16 1 17
16 2 23
16 3 20
16 5 64
16 6 15
16 9 19
17 2 13
17 5 40
17 9 12
18 1 28
18 2 165
18 3 20
18 4 10
18 5 918
18 6 282
18 8 86
18 9 324
18 13 80
18 14 147
18 19 76
18 20 30
18 21 212
18 22 14
18 23 39
18 24 19
18 26 10
18 28 13
18 29 75
18 30 35
18 32 15
18 33 21
18 34 44
18 37 14
18 38 34
18 39 28
18 40 24
18 42 11
18 43 56
18 45 34
18 46 21
18 50 15
18 51 15
18 52 22
18 54 21
19 1 32
19 2 113
19 3 29
19 5 501
19 6 140
19 8 55
19 9 174
19 13 52
19 14 67
19 18 99
19 20 26
19 21 114
19 22 13
19 23 36
19 24 10
19 26 12
19 29 52
19 30 14
19 33 22
19 34 39
19 37 12
19 38 20
19 39 28
19 42 10
19 43 25
19 45 22
19 50 12
19 51 12
19 52 19
19 54 19
20 1 29
20 2 84
20 3 28
20 5 339
20 6 91
20 8 39
20 9 114
20 13 35
20 14 41
20 18 58
20 19 38
20 21 69
20 22 12
20 23 31
20 26 11
20 29 35
20 33 19
20 34 32
20 37 10
20 38 13
20 39 24
20 43 15
20 45 15
20 51 10
20 52 15
20 54 15
21 1 36
21 2 158
21 3 30
21 4 10
21 5 780
21 6 228
21 8 80
21 9 278
21 13 77
21 14 118
21 18 200
21 19 82
21 20 34
21 22 16
21 23 46
21 24 19
21 26 14
21 28 12
21 29 80
21 30 28
21 32 12
21 33 27
21 34 52
21 37 17
21 38 34
21 39 36
21 40 18
21 42 14
21 43 47
21 45 35
21 46 15
21 47 11
21 50 17
21 51 17
21 52 27
21 54 26
22 1 32
22 2 71
22 3 32
22 5 253
22 6 65
22 8 31
22 9 82
22 13 26
22 14 28
22 18 37
22 19 27
22 20 16
22 21 47
22 23 28
22 26 13
22 29 26
22 33 22
22 34 31
22 38 10
22 39 26
22 43 10
22 45 12
22 52 15
22 54 15
23 1 38
23 2 99
23 3 38
23 5 383
23 6 102
23 8 46
23 9 130
23 13 41
23 14 47
23 18 67
23 19 46
23 20 27
23 21 82
23 22 18
23 25 10
23 26 17
23 29 46
23 30 10
23 33 31
23 34 50
23 37 15
23 38 18
23 39 39
23 42 14
23 43 20
23 45 21
23 47 10
23 50 14
23 51 15
23 52 24
23 54 24
24 2 41
24 5 210
24 6 62
24 8 21
24 9 76
24 13 21
24 14 33
24 18 61
24 19 24
24 20 10
24 21 63
24 23 13
24 29 26
24 34 16
24 38 11
24 39 11
24 43 16
24 45 11
25 1 24
25 2 52
25 3 25
25 5 183
25 6 47
25 8 23
25 9 61
25 13 19
25 14 21
25 18 29
25 19 21
25 20 13
25 21 37
25 22 10
25 23 23
25 26 12
25 29 22
25 33 21
25 34 29
25 39 26
25 45 11
25 52 14
25 54 15
26 1 50
26 2 79
26 3 56
26 5 245
26 6 60
26 8 33
26 9 80
26 13 27
26 14 26
26 18 33
26 19 29
26 20 18
26 21 47
26 22 16
26 23 33
26 25 11
26 29 30
26 33 40
26 34 45
26 37 13
26 38 11
26 39 46
26 42 15
26 43 11
26 45 15
26 47 10
26 49 10
26 50 13
26 51 14
26 52 24
26 54 26
26 60 11
26 61 10
27 5 44
27 6 12
27 9 15
27 18 11
27 21 12
28 2 31
28 5 163
28 6 48
28 8 17
28 9 60
28 13 17
28 14 26
28 18 52
28 19 20
28 21 52
28 23 12
28 29 24
28 34 16
28 38 11
28 39 11
28 43 17
28 45 12
29 1 26
29 2 92
29 3 23
29 5 429
29 6 122
29 8 48
29 9 156
29 13 47
29 14 65
29 18 112
29 19 60
29 20 28
29 21 127
29 22 15
29 23 41
29 24 12
29 26 14
29 30 18
29 33 28
29 34 54
29 37 17
29 38 31
29 39 39
29 40 13
29 42 15
29 43 37
29 45 34
29 46 10
29 47 12
29 50 19
29 51 19
29 52 30
29 54 29
29 60 11
30 2 47
30 5 267
30 6 82
30 8 26
30 9 100
30 13 27
30 14 46
30 18 100
30 19 30
30 20 12
30 21 83
30 23 17
30 29 35
30 33 10
30 34 22
30 38 18
30 39 15
30 40 13
30 43 31
30 45 18
30 46 11
30 52 13
30 54 12
31 1 14
31 2 34
31 3 14
31 5 132
31 6 35
31 8 16
31 9 46
31 13 15
31 14 17
31 18 26
31 19 18
31 20 10
31 21 33
31 23 18
31 29 20
31 33 15
31 34 26
31 39 21
31 45 10
31 52 13
31 54 13
32 2 30
32 5 169
32 6 51
32 8 17
32 9 64
32 13 18
32 14 29
32 18 63
32 19 21
32 21 56
32 23 12
32 29 25
32 30 12
32 34 16
32 38 13
32 39 11
32 43 22
32 45 13
32 52 10
33 1 43
33 2 81
33 3 46
33 5 281
33 6 72
33 8 38
33 9 98
33 13 33
33 14 35
33 18 50
33 19 40
33 20 24
33 21 69
33 22 20
33 23 44
33 25 14
33 26 30
33 29 44
33 34 68
33 36 13
33 37 20
33 38 18
33 39 71
33 42 24
33 43 19
33 45 25
33 47 16
33 49 16
33 50 22
33 51 23
33 52 39
33 53 13
33 54 41
33 60 18
33 61 15
34 1 36
34 2 88
34 3 36
34 5 350
34 6 94
34 8 44
34 9 127
34 13 42
34 14 49
34 18 78
34 19 53
34 20 30
34 21 98
34 22 21
34 23 52
34 25 14
34 26 24
34 29 63
34 30 13
34 31 10
34 33 50
34 36 11
34 37 28
34 38 27
34 39 71
34 42 27
34 43 30
34 45 36
34 47 20
34 49 16
34 50 28
34 51 30
34 52 48
34 53 15
34 54 48
34 60 20
34 61 16
35 5 31
35 9 11
36 1 18
36 2 34
36 3 19
36 5 121
36 6 31
36 8 16
36 9 43
36 13 15
36 14 16
36 18 23
36 19 18
36 20 11
36 21 32
36 23 20
36 26 13
36 29 21
36 33 27
36 34 33
36 37 10
36 39 37
36 42 12
36 45 12
36 50 11
36 51 12
36 52 20
36 54 21
37 1 17
37 2 45
37 3 17
37 5 186
37 6 50
37 8 23
37 9 69
37 13 23
37 14 27
37 18 45
37 19 29
37 20 16
37 21 56
37 22 11
37 23 28
37 26 12
37 29 36
37 33 26
37 34 49
37 38 16
37 39 39
37 42 15
37 43 18
37 45 22
37 47 11
37 50 17
37 51 18
37 52 28
37 54 28
37 60 11
38 1 12
38 2 50
38 5 256
38 6 75
38 8 28
38 9 98
38 13 30
38 14 43
38 18 86
38 19 38
38 20 17
38 21 90
38 23 26
38 29 52
38 30 16
38 33 19
38 34 39
38 37 13
38 39 29
38 40 12
38 42 11
38 43 37
38 45 32
38 46 10
38 50 16
38 51 16
38 52 25
38 54 24
39 1 39
39 2 77
39 3 41
39 5 286
39 6 74
39 8 39
39 9 106
39 13 37
39 14 40
39 18 63
39 19 48
39 20 28
39 21 85
39 22 22
39 23 51
39 25 15
39 26 32
39 29 58
39 30 11
39 31 10
39 33 66
39 34 89
39 36 16
39 37 28
39 38 25
39 42 36
39 43 27
39 45 35
39 47 25
39 49 24
39 50 32
39 51 35
39 52 59
39 53 19
39 54 63
39 60 28
39 61 23
40 2 31
40 5 214
40 6 68
40 8 21
40 9 86
40 13 24
40 14 43
40 18 103
40 19 29
40 20 12
40 21 81
40 23 16
40 29 37
40 30 19
40 33 10
40 34 23
40 38 21
40 39 16
40 43 46
40 45 23
40 46 20
40 50 10
40 51 10
40 52 16
40 54 15
41 2 18
41 5 79
41 6 22
41 8 10
41 9 30
41 13 10
41 14 12
41 18 22
41 19 13
41 21 27
41 23 12
41 29 17
41 33 11
41 34 21
41 39 18
41 43 10
41 45 11
41 52 14
41 54 14
42 1 19
42 2 42
42 3 20
42 5 163
42 6 43
42 8 22
42 9 62
42 13 21
42 14 24
42 18 39
42 19 28
42 20 16
42 21 51
42 22 12
42 23 29
42 26 17
42 29 35
42 33 35
42 34 53
42 37 17
42 38 16
42 39 56
42 43 17
42 45 22
42 47 15
42 49 13
42 50 20
42 51 22
42 52 37
42 53 12
42 54 39
42 60 17
42 61 14
43 2 52
43 5 320
43 6 99
43 8 33
43 9 129
43 13 37
43 14 62
43 18 139
43 19 47
43 20 20
43 21 124
43 22 10
43 23 29
43 24 13
43 28 10
43 29 63
43 30 27
43 32 13
43 33 20
43 34 43
43 37 15
43 38 37
43 39 31
43 40 27
43 42 12
43 45 40
43 46 23
43 47 10
43 50 19
43 51 19
43 52 30
43 54 29
43 60 11
44 2 17
44 5 93
44 6 27
44 8 10
44 9 36
44 13 11
44 14 16
44 18 33
44 19 15
44 21 35
44 23 11
44 29 21
44 34 17
44 38 12
44 39 13
44 43 16
44 45 15
44 52 12
44 54 11
45 1 13
45 2 50
45 3 11
45 5 250
45 6 72
45 8 29
45 9 98
45 13 31
45 14 43
45 18 85
45 19 42
45 20 20
45 21 93
45 22 11
45 23 32
45 26 12
45 29 58
45 30 16
45 33 26
45 34 52
45 37 18
45 38 32
45 39 40
45 40 13
45 42 16
45 43 40
45 46 11
45 47 13
45 50 23
45 51 23
45 52 37
45 53 11
45 54 36
45 60 14
45 61 11
46 2 25
46 5 207
46 6 69
46 8 19
46 9 88
46 13 24
46 14 46
46 18 117
46 19 29
46 20 11
46 21 86
46 23 16
46 29 38
46 30 21
46 34 23
46 38 23
46 39 14
46 40 26
46 43 51
46 45 24
46 50 11
46 51 10
46 52 16
46 54 15
47 1 14
47 2 33
47 3 14
47 5 137
47 6 37
47 8 18
47 9 53
47 13 18
47 14 21
47 18 37
47 19 25
47 20 14
47 21 47
47 22 10
47 23 25
47 26 13
47 29 32
47 33 28
47 34 46
47 37 15
47 38 15
47 39 45
47 42 17
47 43 17
47 45 21
47 49 11
47 50 20
47 51 21
47 52 35
47 53 11
47 54 36
47 60 15
47 61 12
48 2 13
48 5 64
48 6 18
48 9 25
48 14 10
48 18 20
48 19 11
48 21 23
48 29 15
48 34 17
48 39 14
48 45 11
48 52 12
48 54 12
49 1 16
49 2 31
49 3 17
49 5 116
49 6 30
49 8 16
49 9 46
49 13 17
49 14 18
49 18 29
49 19 23
49 20 13
49 21 40
49 22 10
49 23 24
49 26 16
49 29 29
49 33 33
49 34 45
49 37 14
49 38 13
49 39 53
49 42 19
49 43 14
49 45 19
49 47 14
49 50 19
49 51 20
49 52 36
49 53 12
49 54 39
49 60 18
49 61 16
50 1 13
50 2 36
50 3 12
50 5 162
50 6 45
50 8 21
50 9 66
50 13 23
50 14 28
50 18 52
50 19 32
50 20 17
50 21 64
50 22 11
50 23 30
50 26 14
50 29 43
50 30 10
50 33 31
50 34 55
50 37 19
50 38 22
50 39 51
50 42 20
50 43 26
50 45 32
50 47 17
50 49 13
50 51 31
50 52 49
50 53 15
50 54 49
50 60 19
50 61 15
51 1 13
51 2 36
51 3 13
51 5 161
51 6 44
51 8 21
51 9 66
51 13 23
51 14 28
51 18 52
51 19 32
51 20 18
51 21 64
51 22 12
51 23 31
51 26 15
51 29 44
51 30 10
51 33 33
51 34 57
51 37 19
51 38 22
51 39 54
51 42 21
51 43 26
51 45 32
51 47 18
51 49 14
51 50 31
51 52 53
51 53 16
51 54 53
51 60 21
51 61 17
52 1 18
52 2 44
52 3 17
52 5 195
52 6 53
52 8 27
52 9 82
52 13 30
52 14 35
52 18 65
52 19 42
52 20 23
52 21 82
52 22 16
52 23 41
52 25 11
52 26 22
52 29 57
52 30 13
52 33 47
52 34 78
52 36 11
52 37 26
52 38 29
52 39 77
52 40 11
52 42 30
52 43 35
52 45 42
52 47 25
52 49 21
52 50 41
52 51 45
52 53 25
52 54 80
52 60 33
52 61 26
53 1 10
53 2 23
53 3 10
53 5 100
53 6 27
53 8 14
53 9 43
53 13 16
53 14 18
53 18 33
53 19 23
53 20 13
53 21 44
53 23 23
53 26 13
53 29 31
53 33 28
53 34 44
53 37 15
53 38 15
53 39 46
53 42 18
53 43 18
53 45 23
53 47 14
53 49 13
53 50 22
53 51 25
53 52 45
53 54 51
53 60 21
53 61 16
54 1 18
54 2 43
54 3 18
54 5 185
54 6 50
54 8 26
54 9 79
54 13 30
54 14 34
54 18 62
54 19 43
54 20 24
54 21 82
54 22 17
54 23 43
54 25 12
54 26 24
54 29 59
54 30 13
54 33 52
54 34 83
54 36 13
54 37 28
54 38 29
54 39 86
54 40 10
54 42 33
54 43 35
54 45 43
54 47 27
54 49 24
54 50 42
54 51 46
54 52 84
54 53 29
54 57 11
54 59 11
54 60 40
54 61 31
55 2 11
55 5 49
55 6 13
55 9 21
55 18 17
55 19 12
55 21 23
55 23 12
55 29 16
55 33 15
55 34 24
55 39 26
55 42 10
55 45 12
55 50 12
55 51 13
55 52 24
55 54 28
55 60 12
55 61 10
56 5 13
56 39 10
57 2 13
57 5 54
57 6 14
57 9 24
57 14 10
57 18 19
57 19 14
57 21 26
57 23 15
57 29 19
57 33 19
57 34 29
57 39 32
57 42 12
57 43 11
57 45 14
57 50 14
57 51 16
57 52 29
57 53 10
57 54 33
57 60 16
57 61 13
58 5 38
58 6 10
58 9 17
58 18 13
58 19 11
58 21 19
58 23 12
58 29 15
58 33 16
58 34 23
58 39 27
58 42 10
58 45 11
58 50 11
58 51 12
58 52 23
58 54 26
58 60 14
58 61 12
59 2 12
59 5 53
59 6 14
59 9 24
59 14 10
59 18 19
59 19 14
59 21 27
59 23 15
59 29 20
59 33 20
59 34 30
59 37 10
59 38 10
59 39 33
59 42 12
59 43 12
59 45 15
59 47 10
59 50 15
59 51 17
59 52 30
59 53 10
59 54 35
59 60 18
59 61 14
60 1 12
60 2 23
60 3 12
60 5 98
60 6 26
60 8 15
60 9 45
60 13 18
60 14 19
60 18 37
60 19 28
60 20 16
60 21 52
60 22 12
60 23 30
60 26 19
60 29 39
60 33 40
60 34 59
60 36 10
60 37 19
60 38 19
60 39 66
60 42 25
60 43 22
60 45 29
60 47 19
60 49 19
60 50 30
60 51 33
60 52 60
60 53 21
60 54 69
60 59 10
60 61 30
61 1 12
61 2 20
61 3 13
61 5 80
61 6 20
61 8 13
61 9 39
61 13 16
61 14 16
61 18 31
61 19 26
61 20 15
61 21 46
61 22 12
61 23 29
61 26 20
61 29 36
61 33 41
61 34 58
61 36 10
61 37 19
61 38 18
61 39 67
61 42 25
61 43 20
61 45 27
61 47 19
61 49 20
61 50 28
61 51 31
61 52 57
61 53 20
61 54 66
61 60 36
